# oST version 5.0 parameters


[image]

width
1500

height
1080

[narrow_stereo]

camera matrix
8155.194504 0.000000 375.076439
0.000000 8227.041541 427.709285
0.000000 0.000000 1.000000

distortion
-0.279510 -33.223645 0.003392 0.041125 0.000000

rectification
1.000000 0.000000 0.000000
0.000000 1.000000 0.000000
0.000000 0.000000 1.000000

projection
8134.190918 0.000000 376.555022 0.000000
0.000000 8222.580078 427.052120 0.000000
0.000000 0.000000 1.000000 0.000000
